package com.mobabur94.polify.utility;

public class Matrix {

    public static int[][][] sobel = {
        {
            {-1, 0, 1},
            {-2, 0, 2},
            {-1, 0, 1}
        },
        {
            { 1,  2,  1},
            { 0,  0,  0},
            {-1, -2, -1}
        }
    };

    public static double[][][] blur = {
        {
            {0.00987648,0.0796275,0.00987648},
            {0.0796275,0.641984,0.0796275},
            {0.00987648,0.0796275,0.00987648}
        },
        {
            {0.002589,0.0107788,0.0241466,0.0107788,0.002589},
            {0.0107788,0.0448755,0.10053,0.0448755,0.0107788},
            {0.0241466,0.10053,0.225206,0.10053,0.0241466},
            {0.0107788,0.0448755,0.10053,0.0448755,0.0107788},
            {0.002589,0.0107788,0.0241466,0.0107788,0.002589}
        },
        {
            {0.00121055,0.00354909,0.00752005,0.0102336,0.00752005,0.00354909,0.00121055},
            {0.00354909,0.0104052,0.0220473,0.0300028,0.0220473,0.0104052,0.00354909},
            {0.00752005,0.0220473,0.0467152,0.0635719,0.0467152,0.0220473,0.00752005},
            {0.0102336,0.0300028,0.0635719,0.0865112,0.0635719,0.0300028,0.0102336},
            {0.00752005,0.0220473,0.0467152,0.0635719,0.0467152,0.0220473,0.00752005},
            {0.00354909,0.0104052,0.0220473,0.0300028,0.0220473,0.0104052,0.00354909},
            {0.00121055,0.00354909,0.00752005,0.0102336,0.00752005,0.00354909,0.00121055}
        },
        {
            {0.000709454,0.00167174,0.00321706,0.0048888,0.00566146,0.0048888,0.00321706,0.00167174,0.000709454},
            {0.00167174,0.00393924,0.0075806,0.0115198,0.0133405,0.0115198,0.0075806,0.00393924,0.00167174},
            {0.00321706,0.0075806,0.014588,0.0221686,0.0256723,0.0221686,0.014588,0.0075806,0.00321706},
            {0.0048888,0.0115198,0.0221686,0.0336884,0.0390128,0.0336884,0.0221686,0.0115198,0.0048888},
            {0.00566146,0.0133405,0.0256723,0.0390128,0.0451786,0.0390128,0.0256723,0.0133405,0.00566146},
            {0.0048888,0.0115198,0.0221686,0.0336884,0.0390128,0.0336884,0.0221686,0.0115198,0.0048888},
            {0.00321706,0.0075806,0.014588,0.0221686,0.0256723,0.0221686,0.014588,0.0075806,0.00321706},
            {0.00167174,0.00393924,0.0075806,0.0115198,0.0133405,0.0115198,0.0075806,0.00393924,0.00167174},
            {0.000709454,0.00167174,0.00321706,0.0048888,0.00566146,0.0048888,0.00321706,0.00167174,0.000709454}
        },
        {
            {0.000467204,0.000950092,0.00168332,0.00256608,0.00332561,0.00363028,0.00332561,0.00256608,0.00168332,0.000950092,0.000467204},
            {0.000950092,0.00193208,0.00342315,0.0052183,0.00676287,0.00738242,0.00676287,0.0052183,0.00342315,0.00193208,0.000950092},
            {0.00168332,0.00342315,0.00606496,0.00924551,0.0119821,0.0130798,0.0119821,0.00924551,0.00606496,0.00342315,0.00168332},
            {0.00256608,0.0052183,0.00924551,0.014094,0.0182657,0.019939,0.0182657,0.014094,0.00924551,0.0052183,0.00256608},
            {0.00332561,0.00676287,0.0119821,0.0182657,0.0236721,0.0258407,0.0236721,0.0182657,0.0119821,0.00676287,0.00332561},
            {0.00363028,0.00738242,0.0130798,0.019939,0.0258407,0.028208,0.0258407,0.019939,0.0130798,0.00738242,0.00363028},
            {0.00332561,0.00676287,0.0119821,0.0182657,0.0236721,0.0258407,0.0236721,0.0182657,0.0119821,0.00676287,0.00332561},
            {0.00256608,0.0052183,0.00924551,0.014094,0.0182657,0.019939,0.0182657,0.014094,0.00924551,0.0052183,0.00256608},
            {0.00168332,0.00342315,0.00606496,0.00924551,0.0119821,0.0130798,0.0119821,0.00924551,0.00606496,0.00342315,0.00168332},
            {0.000950092,0.00193208,0.00342315,0.0052183,0.00676287,0.00738242,0.00676287,0.0052183,0.00342315,0.00193208,0.000950092},
            {0.000467204,0.000950092,0.00168332,0.00256608,0.00332561,0.00363028,0.00332561,0.00256608,0.00168332,0.000950092,0.000467204}
        },
        {
            {0.000330808,0.000605593,0.00100369,0.00149776,0.0020022,0.00238762,0.00253278,0.00238762,0.0020022,0.00149776,0.00100369,0.000605593,0.000330808},
            {0.000605593,0.00110863,0.0018374,0.00274187,0.00366532,0.0043709,0.00463663,0.0043709,0.00366532,0.00274187,0.0018374,0.00110863,0.000605593},
            {0.00100369,0.0018374,0.00304525,0.00454429,0.00607477,0.00724418,0.00768459,0.00724418,0.00607477,0.00454429,0.00304525,0.0018374,0.00100369},
            {0.00149776,0.00274187,0.00454429,0.00678124,0.00906511,0.0108102,0.0114674,0.0108102,0.00906511,0.00678124,0.00454429,0.00274187,0.00149776},
            {0.0020022,0.00366532,0.00607477,0.00906511,0.0121182,0.014451,0.0153295,0.014451,0.0121182,0.00906511,0.00607477,0.00366532,0.0020022},
            {0.00238762,0.0043709,0.00724418,0.0108102,0.014451,0.0172328,0.0182805,0.0172328,0.014451,0.0108102,0.00724418,0.0043709,0.00238762},
            {0.00253278,0.00463663,0.00768459,0.0114674,0.0153295,0.0182805,0.0193918,0.0182805,0.0153295,0.0114674,0.00768459,0.00463663,0.00253278},
            {0.00238762,0.0043709,0.00724418,0.0108102,0.014451,0.0172328,0.0182805,0.0172328,0.014451,0.0108102,0.00724418,0.0043709,0.00238762},
            {0.0020022,0.00366532,0.00607477,0.00906511,0.0121182,0.014451,0.0153295,0.014451,0.0121182,0.00906511,0.00607477,0.00366532,0.0020022},
            {0.00149776,0.00274187,0.00454429,0.00678124,0.00906511,0.0108102,0.0114674,0.0108102,0.00906511,0.00678124,0.00454429,0.00274187,0.00149776},
            {0.00100369,0.0018374,0.00304525,0.00454429,0.00607477,0.00724418,0.00768459,0.00724418,0.00607477,0.00454429,0.00304525,0.0018374,0.00100369},
            {0.000605593,0.00110863,0.0018374,0.00274187,0.00366532,0.0043709,0.00463663,0.0043709,0.00366532,0.00274187,0.0018374,0.00110863,0.000605593},
            {0.000330808,0.000605593,0.00100369,0.00149776,0.0020022,0.00238762,0.00253278,0.00238762,0.0020022,0.00149776,0.00100369,0.000605593,0.000330808}
        },
        {
            {0.000246341,0.000416953,0.000654785,0.000951472,0.00127615,0.00157653,0.00179094,0.00186893,0.00179094,0.00157653,0.00127615,0.000951472,0.000654785,0.000416953,0.000246341},
            {0.000416953,0.000705727,0.00110828,0.00161044,0.00216,0.0026684,0.00303131,0.00316331,0.00303131,0.0026684,0.00216,0.00161044,0.00110828,0.000705727,0.000416953},
            {0.000654785,0.00110828,0.00174045,0.00252905,0.00339207,0.00419047,0.00476039,0.00496768,0.00476039,0.00419047,0.00339207,0.00252905,0.00174045,0.00110828,0.000654785},
            {0.000951472,0.00161044,0.00252905,0.00367497,0.00492903,0.00608919,0.00691734,0.00721855,0.00691734,0.00608919,0.00492903,0.00367497,0.00252905,0.00161044,0.000951472},
            {0.00127615,0.00216,0.00339207,0.00492903,0.00661103,0.00816709,0.00927783,0.00968183,0.00927783,0.00816709,0.00661103,0.00492903,0.00339207,0.00216,0.00127615},
            {0.00157653,0.0026684,0.00419047,0.00608919,0.00816709,0.0100894,0.0114616,0.0119607,0.0114616,0.0100894,0.00816709,0.00608919,0.00419047,0.0026684,0.00157653},
            {0.00179094,0.00303131,0.00476039,0.00691734,0.00927783,0.0114616,0.0130204,0.0135874,0.0130204,0.0114616,0.00927783,0.00691734,0.00476039,0.00303131,0.00179094},
            {0.00186893,0.00316331,0.00496768,0.00721855,0.00968183,0.0119607,0.0135874,0.014179,0.0135874,0.0119607,0.00968183,0.00721855,0.00496768,0.00316331,0.00186893},
            {0.00179094,0.00303131,0.00476039,0.00691734,0.00927783,0.0114616,0.0130204,0.0135874,0.0130204,0.0114616,0.00927783,0.00691734,0.00476039,0.00303131,0.00179094},
            {0.00157653,0.0026684,0.00419047,0.00608919,0.00816709,0.0100894,0.0114616,0.0119607,0.0114616,0.0100894,0.00816709,0.00608919,0.00419047,0.0026684,0.00157653},
            {0.00127615,0.00216,0.00339207,0.00492903,0.00661103,0.00816709,0.00927783,0.00968183,0.00927783,0.00816709,0.00661103,0.00492903,0.00339207,0.00216,0.00127615},
            {0.000951472,0.00161044,0.00252905,0.00367497,0.00492903,0.00608919,0.00691734,0.00721855,0.00691734,0.00608919,0.00492903,0.00367497,0.00252905,0.00161044,0.000951472},
            {0.000654785,0.00110828,0.00174045,0.00252905,0.00339207,0.00419047,0.00476039,0.00496768,0.00476039,0.00419047,0.00339207,0.00252905,0.00174045,0.00110828,0.000654785},
            {0.000416953,0.000705727,0.00110828,0.00161044,0.00216,0.0026684,0.00303131,0.00316331,0.00303131,0.0026684,0.00216,0.00161044,0.00110828,0.000705727,0.000416953},
            {0.000246341,0.000416953,0.000654785,0.000951472,0.00127615,0.00157653,0.00179094,0.00186893,0.00179094,0.00157653,0.00127615,0.000951472,0.000654785,0.000416953,0.000246341}
        },
        {
            {0.000246341,0.000416953,0.000654785,0.000951472,0.00127615,0.00157653,0.00179094,0.00186893,0.00179094,0.00157653,0.00127615,0.000951472,0.000654785,0.000416953,0.000246341},
            {0.000416953,0.000705727,0.00110828,0.00161044,0.00216,0.0026684,0.00303131,0.00316331,0.00303131,0.0026684,0.00216,0.00161044,0.00110828,0.000705727,0.000416953},
            {0.000654785,0.00110828,0.00174045,0.00252905,0.00339207,0.00419047,0.00476039,0.00496768,0.00476039,0.00419047,0.00339207,0.00252905,0.00174045,0.00110828,0.000654785},
            {0.000951472,0.00161044,0.00252905,0.00367497,0.00492903,0.00608919,0.00691734,0.00721855,0.00691734,0.00608919,0.00492903,0.00367497,0.00252905,0.00161044,0.000951472},
            {0.00127615,0.00216,0.00339207,0.00492903,0.00661103,0.00816709,0.00927783,0.00968183,0.00927783,0.00816709,0.00661103,0.00492903,0.00339207,0.00216,0.00127615},
            {0.00157653,0.0026684,0.00419047,0.00608919,0.00816709,0.0100894,0.0114616,0.0119607,0.0114616,0.0100894,0.00816709,0.00608919,0.00419047,0.0026684,0.00157653},
            {0.00179094,0.00303131,0.00476039,0.00691734,0.00927783,0.0114616,0.0130204,0.0135874,0.0130204,0.0114616,0.00927783,0.00691734,0.00476039,0.00303131,0.00179094},
            {0.00186893,0.00316331,0.00496768,0.00721855,0.00968183,0.0119607,0.0135874,0.014179,0.0135874,0.0119607,0.00968183,0.00721855,0.00496768,0.00316331,0.00186893},
            {0.00179094,0.00303131,0.00476039,0.00691734,0.00927783,0.0114616,0.0130204,0.0135874,0.0130204,0.0114616,0.00927783,0.00691734,0.00476039,0.00303131,0.00179094},
            {0.00157653,0.0026684,0.00419047,0.00608919,0.00816709,0.0100894,0.0114616,0.0119607,0.0114616,0.0100894,0.00816709,0.00608919,0.00419047,0.0026684,0.00157653},
            {0.00127615,0.00216,0.00339207,0.00492903,0.00661103,0.00816709,0.00927783,0.00968183,0.00927783,0.00816709,0.00661103,0.00492903,0.00339207,0.00216,0.00127615},
            {0.000951472,0.00161044,0.00252905,0.00367497,0.00492903,0.00608919,0.00691734,0.00721855,0.00691734,0.00608919,0.00492903,0.00367497,0.00252905,0.00161044,0.000951472},
            {0.000654785,0.00110828,0.00174045,0.00252905,0.00339207,0.00419047,0.00476039,0.00496768,0.00476039,0.00419047,0.00339207,0.00252905,0.00174045,0.00110828,0.000654785},
            {0.000416953,0.000705727,0.00110828,0.00161044,0.00216,0.0026684,0.00303131,0.00316331,0.00303131,0.0026684,0.00216,0.00161044,0.00110828,0.000705727,0.000416953},
            {0.000246341,0.000416953,0.000654785,0.000951472,0.00127615,0.00157653,0.00179094,0.00186893,0.00179094,0.00157653,0.00127615,0.000951472,0.000654785,0.000416953,0.000246341}
        },
        {
            {0.000151556,0.000230079,0.000333348,0.000460542,0.000606261,0.00075993,0.00090648,0.00102852,0.00110964,0.00113811,0.00110964,0.00102852,0.00090648,0.00075993,0.000606261,0.000460542,0.000333348,0.000230079,0.000151556},
            {0.000230079,0.000349286,0.000506058,0.000699153,0.000920371,0.00115366,0.00137614,0.0015614,0.00168456,0.00172778,0.00168456,0.0015614,0.00137614,0.00115366,0.000920371,0.000699153,0.000506058,0.000349286,0.000230079},
            {0.000333348,0.000506058,0.000733196,0.00101296,0.00133347,0.00167146,0.0019938,0.00226222,0.00244066,0.00250327,0.00244066,0.00226222,0.0019938,0.00167146,0.00133347,0.00101296,0.000733196,0.000506058,0.000333348},
            {0.000460542,0.000699153,0.00101296,0.00139947,0.00184227,0.00230924,0.00275457,0.0031254,0.00337193,0.00345843,0.00337193,0.0031254,0.00275457,0.00230924,0.00184227,0.00139947,0.00101296,0.000699153,0.000460542},
            {0.000606261,0.000920371,0.00133347,0.00184227,0.00242519,0.0030399,0.00362613,0.00411431,0.00443884,0.00455271,0.00443884,0.00411431,0.00362613,0.0030399,0.00242519,0.00184227,0.00133347,0.000920371,0.000606261},
            {0.00075993,0.00115366,0.00167146,0.00230924,0.0030399,0.00381042,0.00454525,0.00515716,0.00556395,0.00570668,0.00556395,0.00515716,0.00454525,0.00381042,0.0030399,0.00230924,0.00167146,0.00115366,0.00075993},
            {0.00090648,0.00137614,0.0019938,0.00275457,0.00362613,0.00454525,0.00542179,0.0061517,0.00663694,0.0068072,0.00663694,0.0061517,0.00542179,0.00454525,0.00362613,0.00275457,0.0019938,0.00137614,0.00090648},
            {0.00102852,0.0015614,0.00226222,0.0031254,0.00411431,0.00515716,0.0061517,0.00697989,0.00753045,0.00772363,0.00753045,0.00697989,0.0061517,0.00515716,0.00411431,0.0031254,0.00226222,0.0015614,0.00102852},
            {0.00110964,0.00168456,0.00244066,0.00337193,0.00443884,0.00556395,0.00663694,0.00753045,0.00812443,0.00833286,0.00812443,0.00753045,0.00663694,0.00556395,0.00443884,0.00337193,0.00244066,0.00168456,0.00110964},
            {0.00113811,0.00172778,0.00250327,0.00345843,0.00455271,0.00570668,0.0068072,0.00772363,0.00833286,0.00854663,0.00833286,0.00772363,0.0068072,0.00570668,0.00455271,0.00345843,0.00250327,0.00172778,0.00113811},
            {0.00110964,0.00168456,0.00244066,0.00337193,0.00443884,0.00556395,0.00663694,0.00753045,0.00812443,0.00833286,0.00812443,0.00753045,0.00663694,0.00556395,0.00443884,0.00337193,0.00244066,0.00168456,0.00110964},
            {0.00102852,0.0015614,0.00226222,0.0031254,0.00411431,0.00515716,0.0061517,0.00697989,0.00753045,0.00772363,0.00753045,0.00697989,0.0061517,0.00515716,0.00411431,0.0031254,0.00226222,0.0015614,0.00102852},
            {0.00090648,0.00137614,0.0019938,0.00275457,0.00362613,0.00454525,0.00542179,0.0061517,0.00663694,0.0068072,0.00663694,0.0061517,0.00542179,0.00454525,0.00362613,0.00275457,0.0019938,0.00137614,0.00090648},
            {0.00075993,0.00115366,0.00167146,0.00230924,0.0030399,0.00381042,0.00454525,0.00515716,0.00556395,0.00570668,0.00556395,0.00515716,0.00454525,0.00381042,0.0030399,0.00230924,0.00167146,0.00115366,0.00075993},
            {0.000606261,0.000920371,0.00133347,0.00184227,0.00242519,0.0030399,0.00362613,0.00411431,0.00443884,0.00455271,0.00443884,0.00411431,0.00362613,0.0030399,0.00242519,0.00184227,0.00133347,0.000920371,0.000606261},
            {0.000460542,0.000699153,0.00101296,0.00139947,0.00184227,0.00230924,0.00275457,0.0031254,0.00337193,0.00345843,0.00337193,0.0031254,0.00275457,0.00230924,0.00184227,0.00139947,0.00101296,0.000699153,0.000460542},
            {0.000333348,0.000506058,0.000733196,0.00101296,0.00133347,0.00167146,0.0019938,0.00226222,0.00244066,0.00250327,0.00244066,0.00226222,0.0019938,0.00167146,0.00133347,0.00101296,0.000733196,0.000506058,0.000333348},
            {0.000230079,0.000349286,0.000506058,0.000699153,0.000920371,0.00115366,0.00137614,0.0015614,0.00168456,0.00172778,0.00168456,0.0015614,0.00137614,0.00115366,0.000920371,0.000699153,0.000506058,0.000349286,0.000230079},
            {0.000151556,0.000230079,0.000333348,0.000460542,0.000606261,0.00075993,0.00090648,0.00102852,0.00110964,0.00113811,0.00110964,0.00102852,0.00090648,0.00075993,0.000606261,0.000460542,0.000333348,0.000230079,0.000151556}
        },
        {
            {0.000123437,0.000180187,0.000253172,0.000342216,0.000444813,0.000555727,0.000667103,0.0007692,0.000851711,0.000905473,0.000924149,0.000905473,0.000851711,0.0007692,0.000667103,0.000555727,0.000444813,0.000342216,0.000253172,0.000180187,0.000123437},
            {0.000180187,0.000263026,0.000369566,0.000499549,0.000649313,0.000811219,0.0009738,0.00112283,0.00124328,0.00132176,0.00134902,0.00132176,0.00124328,0.00112283,0.0009738,0.000811219,0.000649313,0.000499549,0.000369566,0.000263026,0.000180187},
            {0.000253172,0.000369566,0.000519259,0.000701891,0.000912318,0.0011398,0.00136824,0.00157764,0.00174687,0.00185714,0.00189544,0.00185714,0.00174687,0.00157764,0.00136824,0.0011398,0.000912318,0.000701891,0.000519259,0.000369566,0.000253172},
            {0.000342216,0.000499549,0.000701891,0.000948759,0.0012332,0.00154069,0.00184947,0.00213252,0.00236128,0.00251033,0.00256211,0.00251033,0.00236128,0.00213252,0.00184947,0.00154069,0.0012332,0.000948759,0.000701891,0.000499549,0.000342216},
            {0.000444813,0.000649313,0.000912318,0.0012332,0.00160291,0.00200259,0.00240394,0.00277185,0.00306919,0.00326292,0.00333022,0.00326292,0.00306919,0.00277185,0.00240394,0.00200259,0.00160291,0.0012332,0.000912318,0.000649313,0.000444813},
            {0.000555727,0.000811219,0.0011398,0.00154069,0.00200259,0.00250194,0.00300337,0.00346302,0.00383449,0.00407653,0.00416061,0.00407653,0.00383449,0.00346302,0.00300337,0.00250194,0.00200259,0.00154069,0.0011398,0.000811219,0.000555727},
            {0.000667103,0.0009738,0.00136824,0.00184947,0.00240394,0.00300337,0.00360529,0.00415706,0.00460299,0.00489354,0.00499447,0.00489354,0.00460299,0.00415706,0.00360529,0.00300337,0.00240394,0.00184947,0.00136824,0.0009738,0.000667103},
            {0.0007692,0.00112283,0.00157764,0.00213252,0.00277185,0.00346302,0.00415706,0.00479327,0.00530745,0.00564247,0.00575884,0.00564247,0.00530745,0.00479327,0.00415706,0.00346302,0.00277185,0.00213252,0.00157764,0.00112283,0.0007692},
            {0.000851711,0.00124328,0.00174687,0.00236128,0.00306919,0.00383449,0.00460299,0.00530745,0.00587677,0.00624773,0.00637659,0.00624773,0.00587677,0.00530745,0.00460299,0.00383449,0.00306919,0.00236128,0.00174687,0.00124328,0.000851711},
            {0.000905473,0.00132176,0.00185714,0.00251033,0.00326292,0.00407653,0.00489354,0.00564247,0.00624773,0.0066421,0.0067791,0.0066421,0.00624773,0.00564247,0.00489354,0.00407653,0.00326292,0.00251033,0.00185714,0.00132176,0.000905473},
            {0.000924149,0.00134902,0.00189544,0.00256211,0.00333022,0.00416061,0.00499447,0.00575884,0.00637659,0.0067791,0.00691892,0.0067791,0.00637659,0.00575884,0.00499447,0.00416061,0.00333022,0.00256211,0.00189544,0.00134902,0.000924149},
            {0.000905473,0.00132176,0.00185714,0.00251033,0.00326292,0.00407653,0.00489354,0.00564247,0.00624773,0.0066421,0.0067791,0.0066421,0.00624773,0.00564247,0.00489354,0.00407653,0.00326292,0.00251033,0.00185714,0.00132176,0.000905473},
            {0.000851711,0.00124328,0.00174687,0.00236128,0.00306919,0.00383449,0.00460299,0.00530745,0.00587677,0.00624773,0.00637659,0.00624773,0.00587677,0.00530745,0.00460299,0.00383449,0.00306919,0.00236128,0.00174687,0.00124328,0.000851711},
            {0.0007692,0.00112283,0.00157764,0.00213252,0.00277185,0.00346302,0.00415706,0.00479327,0.00530745,0.00564247,0.00575884,0.00564247,0.00530745,0.00479327,0.00415706,0.00346302,0.00277185,0.00213252,0.00157764,0.00112283,0.0007692},
            {0.000667103,0.0009738,0.00136824,0.00184947,0.00240394,0.00300337,0.00360529,0.00415706,0.00460299,0.00489354,0.00499447,0.00489354,0.00460299,0.00415706,0.00360529,0.00300337,0.00240394,0.00184947,0.00136824,0.0009738,0.000667103},
            {0.000555727,0.000811219,0.0011398,0.00154069,0.00200259,0.00250194,0.00300337,0.00346302,0.00383449,0.00407653,0.00416061,0.00407653,0.00383449,0.00346302,0.00300337,0.00250194,0.00200259,0.00154069,0.0011398,0.000811219,0.000555727},
            {0.000444813,0.000649313,0.000912318,0.0012332,0.00160291,0.00200259,0.00240394,0.00277185,0.00306919,0.00326292,0.00333022,0.00326292,0.00306919,0.00277185,0.00240394,0.00200259,0.00160291,0.0012332,0.000912318,0.000649313,0.000444813},
            {0.000342216,0.000499549,0.000701891,0.000948759,0.0012332,0.00154069,0.00184947,0.00213252,0.00236128,0.00251033,0.00256211,0.00251033,0.00236128,0.00213252,0.00184947,0.00154069,0.0012332,0.000948759,0.000701891,0.000499549,0.000342216},
            {0.000253172,0.000369566,0.000519259,0.000701891,0.000912318,0.0011398,0.00136824,0.00157764,0.00174687,0.00185714,0.00189544,0.00185714,0.00174687,0.00157764,0.00136824,0.0011398,0.000912318,0.000701891,0.000519259,0.000369566,0.000253172},
            {0.000180187,0.000263026,0.000369566,0.000499549,0.000649313,0.000811219,0.0009738,0.00112283,0.00124328,0.00132176,0.00134902,0.00132176,0.00124328,0.00112283,0.0009738,0.000811219,0.000649313,0.000499549,0.000369566,0.000263026,0.000180187},
            {0.000123437,0.000180187,0.000253172,0.000342216,0.000444813,0.000555727,0.000667103,0.0007692,0.000851711,0.000905473,0.000924149,0.000905473,0.000851711,0.0007692,0.000667103,0.000555727,0.000444813,0.000342216,0.000253172,0.000180187,0.000123437}
        }
    };

}
